%YAML:1.0
version_vision_reco: 1
name: Niklaus_Wirth
hash: "0898a765064fbbd23171174595648475"
tags: [ Niklaus_Wirth ]
meta_ids:
   ids: [ 8 ]
   labels: [ Niklaus_Wirth ]
image_analyses:
   -
      image_name: "0898a765064fbbd23171174595648475.0.png"
      original_name: "0898a765064fbbd23171174595648475.0.png"
      boundary_points: [ 85, 6, 292, 2, 293, 237, 99, 237 ]
      keypoints: [ 1.4322653198242187e+02, 3.7122158050537109e+01,
          4.8000001907348633e+00, 3.6424520015716553e+00,
          1.0799915762618184e-03, 0, 0, 2.2381742858886719e+02,
          4.4310039520263672e+01, 4.8000001907348633e+00,
          5.9484829902648926e+00, 1.6355417901650071e-03, 0, 0,
          2.2193128967285156e+02, 4.6908996582031250e+01,
          5.7081937789916992e+00, 6.0270814895629883e+00,
          4.1529028676450253e-03, 0, 1, 1.3963139343261719e+02,
          5.1260055541992188e+01, 5.7081937789916992e+00,
          3.1719098091125488e+00, 3.2260792795568705e-03, 0, 1,
          2.1313157653808594e+02, 5.5985580444335938e+01,
          4.8000001907348633e+00, 3.3610007166862488e-01,
          2.0156628452241421e-03, 0, 0, 1.7926185607910156e+02,
          5.8759349822998047e+01, 5.7081937789916992e+00,
          4.4758720397949219e+00, 3.1310964841395617e-03, 0, 1,
          1.9729603576660156e+02, 6.0097293853759766e+01,
          4.8000001907348633e+00, 1.4323241710662842e+00,
          1.0345898335799575e-03, 0, 0, 2.2705465698242187e+02,
          6.2794570922851563e+01, 5.7081937789916992e+00,
          3.9140671491622925e-02, 1.1479621753096581e-03, 0, 1,
          1.3793273925781250e+02, 6.3219154357910156e+01,
          4.8000001907348633e+00, 2.9621958732604980e+00,
          1.3976222835481167e-03, 0, 0, 1.8572352600097656e+02,
          6.4700592041015625e+01, 5.7081937789916992e+00,
          4.3382067680358887e+00, 3.4050047397613525e-03, 0, 1,
          1.7741041564941406e+02, 6.6532791137695313e+01,
          4.8000001907348633e+00, 4.6800541877746582e+00,
          1.7059860983863473e-03, 0, 0, 1.4300808715820312e+02,
          6.7048362731933594e+01, 5.7081937789916992e+00,
          2.7520682811737061e+00, 5.1638092845678329e-03, 0, 1,
          1.4988714599609375e+02, 6.6850532531738281e+01,
          4.8000001907348633e+00, 4.4647650718688965e+00,
          1.2640379136428237e-03, 0, 0, 1.9429772949218750e+02,
          6.7742744445800781e+01, 5.7081937789916992e+00,
          1.2129477262496948e+00, 1.7368356930091977e-03, 0, 1,
          1.8197840881347656e+02, 6.9809829711914062e+01,
          4.8000001907348633e+00, 5.3804856538772583e-01,
          4.0105576626956463e-03, 0, 0, 1.5035226440429687e+02,
          7.3412788391113281e+01, 5.7081937789916992e+00,
          2.6167857646942139e+00, 4.0528392419219017e-03, 0, 1,
          1.4195213317871094e+02, 7.4924560546875000e+01,
          5.7081937789916992e+00, 2.6735544204711914e+00,
          1.6752415103837848e-03, 0, 1, 1.6578407287597656e+02,
          7.6010406494140625e+01, 5.7081937789916992e+00,
          1.2458802461624146e+00, 1.3687055325135589e-03, 0, 1,
          2.0846655273437500e+02, 7.5851127624511719e+01,
          4.8000001907348633e+00, 1.3986990451812744e+00,
          1.0449640685692430e-03, 0, 0, 2.0085101318359375e+02,
          7.9796302795410156e+01, 5.7081937789916992e+00,
          1.0985460281372070e+00, 1.4098532265052199e-03, 0, 1,
          1.8438697814941406e+02, 8.5684829711914063e+01,
          5.7081937789916992e+00, 2.8797216415405273e+00,
          3.0148003716021776e-03, 0, 1, 2.3292051696777344e+02,
          8.8664749145507813e+01, 5.7081937789916992e+00,
          5.4185838699340820e+00, 2.2593408357352018e-03, 0, 1,
          1.9259861755371094e+02, 8.9707061767578125e+01,
          5.7081937789916992e+00, 1.5146415233612061e+00,
          3.5644706804305315e-03, 0, 1, 1.8033406066894531e+02,
          9.2047065734863281e+01, 4.8000001907348633e+00,
          1.5656925439834595e+00, 3.0767614953219891e-03, 0, 0,
          2.4018479919433594e+02, 9.5513282775878906e+01,
          5.7081937789916992e+00, 5.1676683425903320e+00,
          1.6710738418623805e-03, 0, 1, 2.3318186950683594e+02,
          9.6841842651367188e+01, 4.8000001907348633e+00,
          5.2274932861328125e+00, 2.9337131418287754e-03, 0, 0,
          1.9436453247070312e+02, 9.8696762084960938e+01,
          5.7081937789916992e+00, 4.3660726547241211e+00,
          1.6789585351943970e-03, 0, 1, 2.5014303588867187e+02,
          1.0035128784179687e+02, 5.7081937789916992e+00,
          5.1537756919860840e+00, 1.5442073345184326e-03, 0, 1,
          1.8892367553710937e+02, 1.0387379455566406e+02,
          5.7081937789916992e+00, 1.4696261882781982e+00,
          1.6933222068473697e-03, 0, 1, 2.5352223205566406e+02,
          1.0855680084228516e+02, 5.7081937789916992e+00,
          5.2315735816955566e+00, 7.4942740611732006e-03, 0, 1,
          1.5895263671875000e+02, 1.1686038970947266e+02,
          5.7081937789916992e+00, 4.1818914413452148e+00,
          4.7836210578680038e-03, 0, 1, 1.6296159362792969e+02,
          1.2471939086914062e+02, 5.7081937789916992e+00,
          4.2779440879821777e+00, 5.5973911657929420e-03, 0, 1,
          1.7238488769531250e+02, 1.2535190582275391e+02,
          5.7081937789916992e+00, 5.6688723564147949e+00,
          1.3029732508584857e-03, 0, 1, 1.7176296997070312e+02,
          1.3358251953125000e+02, 5.7081937789916992e+00,
          5.7887654304504395e+00, 2.3050992749631405e-03, 0, 1,
          1.7969543457031250e+02, 1.3828135681152344e+02,
          5.7081937789916992e+00, 5.9179472923278809e+00,
          9.5679527148604393e-03, 0, 1, 1.9980332946777344e+02,
          1.3912733459472656e+02, 4.8000001907348633e+00,
          4.7084021568298340e+00, 3.1219611410051584e-03, 0, 0,
          2.0977009582519531e+02, 1.3886538696289062e+02,
          5.7081937789916992e+00, 5.8071880340576172e+00,
          2.0487965084612370e-03, 0, 1, 1.2971842956542969e+02,
          1.4036128234863281e+02, 5.7081937789916992e+00,
          3.8917622566223145e+00, 3.1865951605141163e-03, 0, 1,
          1.8610151672363281e+02, 1.4239329528808594e+02,
          5.7081937789916992e+00, 4.4259281158447266e+00,
          4.5288284309208393e-03, 0, 1, 2.0149517822265625e+02,
          1.4222796630859375e+02, 5.7081937789916992e+00,
          6.6717791557312012e-01, 9.7012752667069435e-03, 0, 1,
          1.8331570434570312e+02, 1.4493591308593750e+02,
          4.8000001907348633e+00, 4.1492443084716797e+00,
          2.2399607114493847e-03, 0, 0, 1.8137156677246094e+02,
          1.5510235595703125e+02, 5.7081937789916992e+00,
          5.8976896107196808e-02, 7.1502975188195705e-03, 0, 1,
          1.9940533447265625e+02, 1.5656161499023437e+02,
          5.7081937789916992e+00, 1.2435664981603622e-01,
          4.0487064979970455e-03, 0, 1, 1.7967079162597656e+02,
          1.6433970642089844e+02, 5.7081937789916992e+00,
          6.2442359924316406e+00, 4.2640138417482376e-03, 0, 1,
          2.2361785888671875e+02, 1.6671411132812500e+02,
          5.7081937789916992e+00, 3.2199172973632813e+00,
          2.2590621374547482e-03, 0, 1, 2.4241630554199219e+02,
          1.7186044311523437e+02, 4.8000001907348633e+00,
          1.6201927661895752e+00, 1.1891024187207222e-03, 0, 0,
          1.2532778167724609e+02, 1.7156355285644531e+02,
          5.7081937789916992e+00, 2.9386701583862305e+00,
          9.0980706736445427e-03, 0, 1, 1.7234162902832031e+02,
          1.7178038024902344e+02, 5.7081937789916992e+00,
          1.5295381546020508e+00, 2.7987414505332708e-03, 0, 1,
          1.8127540588378906e+02, 1.7392698669433594e+02,
          4.8000001907348633e+00, 1.5880222320556641e+00,
          2.4102060124278069e-03, 0, 0, 1.9218844604492187e+02,
          1.7385102844238281e+02, 4.8000001907348633e+00,
          1.5659586191177368e+00, 1.1882698163390160e-03, 0, 0,
          1.9540768432617187e+02, 1.7293869018554687e+02,
