%YAML:1.0
version_vision_reco: 1
name: Grace_Hopper
hash: "3bbd7ce6ac9615dd61df3d32cc3a2fd3"
tags: [ Grace_Hopper ]
meta_ids:
   ids: [ 8 ]
   labels: [ Grace_Hopper ]
image_analyses:
   -
      image_name: "3bbd7ce6ac9615dd61df3d32cc3a2fd3.0.png"
      original_name: "3bbd7ce6ac9615dd61df3d32cc3a2fd3.0.png"
      boundary_points: [ 79, 95, 192, 73, 222, 223, 87, 237 ]
      keypoints: [ 1.7040643310546875e+02, 9.2341133117675781e+01,
          8.0726060867309570e+00, 4.9359669685363770e+00,
          4.6386462636291981e-03, 0, 3, 1.2518569946289063e+02,
          9.3939353942871094e+01, 4.8000001907348633e+00,
          4.7552037239074707e+00, 1.2611051788553596e-03, 0, 0,
          1.0272953033447266e+02, 9.7620468139648438e+01,
          4.8000001907348633e+00, 4.4784703254699707e+00,
          1.1035036295652390e-03, 0, 0, 1.1932897186279297e+02,
          9.8966438293457031e+01, 5.7081937789916992e+00,
          4.6727614402770996e+00, 3.4778474364429712e-03, 0, 1,
          1.3006248474121094e+02, 9.9965881347656250e+01,
          5.7081937789916992e+00, 4.8224458694458008e+00,
          6.1419876292347908e-03, 0, 1, 1.0981787109375000e+02,
          1.0043840789794922e+02, 5.7081937789916992e+00,
          4.5382232666015625e+00, 1.4642754103988409e-03, 0, 1,
          1.0037848663330078e+02, 1.0479261779785156e+02,
          8.0726060867309570e+00, 3.2388994693756104e+00,
          1.5350830741226673e-02, 0, 3, 1.3281929016113281e+02,
          1.0636114501953125e+02, 4.8000001907348633e+00,
          6.1651506423950195e+00, 2.1012509241700172e-03, 0, 0,
          1.2349414062500000e+02, 1.1004460144042969e+02,
          4.8000001907348633e+00, 6.1967077255249023e+00,
          2.2673867642879486e-03, 0, 0, 1.3899314880371094e+02,
          1.0983035278320312e+02, 5.7081937789916992e+00,
          5.0973348617553711e+00, 4.3000732548534870e-03, 0, 1,
          1.5639118957519531e+02, 1.1162009429931641e+02,
          4.8000001907348633e+00, 4.7337541580200195e+00,
          4.0301862172782421e-03, 0, 0, 1.4761909484863281e+02,
          1.1466812133789063e+02, 4.8000001907348633e+00,
          4.6663827896118164e+00, 6.3963099382817745e-03, 0, 0,
          1.6183323669433594e+02, 1.1845585632324219e+02,
          5.7081937789916992e+00, 6.2065863609313965e+00,
          1.0144865140318871e-02, 0, 1, 1.0864436340332031e+02,
          1.2134855651855469e+02, 4.8000001907348633e+00,
          1.2873421907424927e+00, 1.3185490388423204e-03, 0, 0,
          1.1515679931640625e+02, 1.2212371826171875e+02,
          4.8000001907348633e+00, 1.5189054012298584e+00,
          1.7131210770457983e-03, 0, 0, 1.3246615600585937e+02,
          1.2336612701416016e+02, 4.8000001907348633e+00,
          5.0450100898742676e+00, 3.5250666551291943e-03, 0, 0,
          1.4766526794433594e+02, 1.2607570648193359e+02,
          4.8000001907348633e+00, 1.1421386003494263e+00,
          1.1512553319334984e-03, 0, 0, 1.0040924835205078e+02,
          1.2828228759765625e+02, 5.7081937789916992e+00,
          2.9864115715026855e+00, 2.9405052773654461e-03, 0, 1,
          1.0881217193603516e+02, 1.3409339904785156e+02,
          4.8000001907348633e+00, 2.8345592021942139e+00,
          1.0103728855028749e-03, 0, 0, 1.6487152099609375e+02,
          1.3796720886230469e+02, 4.8000001907348633e+00,
          8.8377175852656364e-03, 1.1678403243422508e-03, 0, 0,
          1.7151849365234375e+02, 1.4195483398437500e+02,
          5.7081937789916992e+00, 5.2105789184570313e+00,
          1.0768476873636246e-02, 0, 1, 1.2563561248779297e+02,
          1.4562969970703125e+02, 5.7081937789916992e+00,
          6.1881203651428223e+00, 1.9238141831010580e-03, 0, 1,
          1.6645959472656250e+02, 1.4907870483398437e+02,
          5.7081937789916992e+00, 5.2002224922180176e+00,
          2.5897237937897444e-03, 0, 1, 1.4582415771484375e+02,
          1.4893830871582031e+02, 4.8000001907348633e+00,
          5.7128210067749023e+00, 6.8138735368847847e-03, 0, 0,
          1.5258049011230469e+02, 1.4849087524414062e+02,
          5.7081937789916992e+00, 5.0624327659606934e+00,
          1.6283347504213452e-03, 0, 1, 1.0247602081298828e+02,
          1.5383872985839844e+02, 5.7081937789916992e+00,
          3.1371424198150635e+00, 2.1509935613721609e-03, 0, 1,
          1.8287666320800781e+02, 1.5411245727539062e+02,
          5.7081937789916992e+00, 5.3433604240417480e+00,
          8.2430299371480942e-03, 0, 1, 1.5599258422851562e+02,
          1.5538601684570312e+02, 4.8000001907348633e+00,
          3.8781251907348633e+00, 6.0954582877457142e-03, 0, 0,
          1.4874717712402344e+02, 1.5667503356933594e+02,
          4.8000001907348633e+00, 5.3252687454223633e+00,
          1.9274526275694370e-03, 0, 0, 1.8603570556640625e+02,
          1.6195317077636719e+02, 4.8000001907348633e+00,
          6.1437721252441406e+00, 1.0774632683023810e-03, 0, 0,
          1.5212556457519531e+02, 1.6562738037109375e+02,
          4.8000001907348633e+00, 3.9901585578918457e+00,
          2.3263620678335428e-03, 0, 0, 1.6640220642089844e+02,
          1.6895291137695312e+02, 5.7081937789916992e+00,
          4.2093610763549805e+00, 2.5517987087368965e-03, 0, 1,
          1.0466852569580078e+02, 1.8574389648437500e+02,
          5.7081937789916992e+00, 3.1354668140411377e+00,
          1.8365985015407205e-03, 0, 1, 1.7169224548339844e+02,
          1.9430924987792969e+02, 5.7081937789916992e+00,
          1.3406002521514893e+00, 1.6816654242575169e-03, 0, 1,
          1.3928865051269531e+02, 1.9998786926269531e+02,
          4.8000001907348633e+00, 1.0634784698486328e+00,
          2.7999167796224356e-03, 0, 0, 1.8550018310546875e+02,
          1.9959823608398437e+02, 4.8000001907348633e+00,
          2.1660476922988892e-01, 6.7698191851377487e-03, 0, 0,
          1.6246302795410156e+02, 2.0263137817382812e+02,
          4.8000001907348633e+00, 1.5793566703796387e+00,
          2.1238641347736120e-03, 0, 0, 1.5623976135253906e+02,
          2.0451434326171875e+02, 4.8000001907348633e+00,
          1.6708438396453857e+00, 1.1014658957719803e-03, 0, 0,
          1.3224601745605469e+02, 2.0597787475585937e+02,
          4.8000001907348633e+00, 1.4310659170150757e+00,
          1.7031871248036623e-03, 0, 0, 1.4343907165527344e+02,
          2.0565269470214844e+02, 4.8000001907348633e+00,
          1.2759195566177368e+00, 6.6421837545931339e-03, 0, 0,
          1.2872605895996094e+02, 2.0794468688964844e+02,
          4.8000001907348633e+00, 1.4510948657989502e+00,
          1.9237676169723272e-03, 0, 0, 1.1464065551757812e+02,
          2.0914877319335937e+02, 4.8000001907348633e+00,
          1.5455060005187988e+00, 2.5951568968594074e-03, 0, 0,
          1.4942164611816406e+02, 2.0884788513183594e+02,
          4.8000001907348633e+00, 1.3301526308059692e+00,
          1.0743356542661786e-03, 0, 0, 1.0579190826416016e+02,
          2.1016992187500000e+02, 4.8000001907348633e+00,
          2.6434807777404785e+00, 1.9644522108137608e-03, 0, 0,
          1.3619828796386719e+02, 9.2187286376953125e+01,
          5.7081937789916992e+00, 4.6748099327087402e+00,
          1.0174862109124660e-03, 0, 1, 1.3966174316406250e+02,
          1.2172134399414062e+02, 5.7081937789916992e+00,
          4.9848403930664062e+00, 1.8652573926374316e-03, 0, 1,
          1.0173629760742187e+02, 1.6222323608398437e+02,
          5.7081937789916992e+00, 2.9843149185180664e+00,
          1.0896214516833425e-03, 0, 1, 1.2360408020019531e+02,
          1.1008387756347656e+02, 6.7882251739501953e+00,
          4.9207777976989746e+00, 1.2107224902138114e-03, 0, 2,
          1.5700218200683594e+02, 1.1088739013671875e+02,
          6.7882251739501953e+00, 4.7095732688903809e+00,
          3.3088221680372953e-03, 0, 2, 1.4733474731445312e+02,
          1.1482467651367187e+02, 6.7882251739501953e+00,
          4.8768744468688965e+00, 2.6434145402163267e-03, 0, 2,
          1.3222653198242187e+02, 1.2337193298339844e+02,
