%YAML:1.0
version_vision_reco: 1
name: Ada_Lovelace
hash: "3c0af816770cfe85b4a522aa4786d010"
tags: [ Ada_Lovelace ]
meta_ids:
   ids: [ 8 ]
   labels: [ Ada_Lovelace ]
image_analyses:
   -
      image_name: "3c0af816770cfe85b4a522aa4786d010.0.png"
      original_name: "3c0af816770cfe85b4a522aa4786d010.0.png"
      boundary_points: [ 36, 54, 203, 18, 209, 216, 40, 238 ]
      keypoints: [ 1.6575555419921875e+02, 4.4144283294677734e+01,
          5.7081937789916992e+00, 5.9077668190002441e+00,
          2.2138403728604317e-03, 0, 1, 1.3310479736328125e+02,
          7.0740608215332031e+01, 5.7081937789916992e+00,
          3.3943188190460205e+00, 5.6688203476369381e-03, 0, 1,
          1.1949103546142578e+02, 7.5776382446289063e+01,
          5.7081937789916992e+00, 3.3924884796142578e+00,
          1.0713168419897556e-02, 0, 1, 1.2044880676269531e+02,
          8.4888633728027344e+01, 4.8000001907348633e+00,
          3.5217604637145996e+00, 1.8373659113422036e-03, 0, 0,
          1.1983343505859375e+02, 9.0977645874023438e+01,
          4.8000001907348633e+00, 3.6312544345855713e+00,
          1.6025641234591603e-03, 0, 0, 1.3277867126464844e+02,
          1.0867703247070312e+02, 5.7081937789916992e+00,
          2.8194873332977295e+00, 5.6267688050866127e-03, 0, 1,
          1.1904395294189453e+02, 1.1220207977294922e+02,
          4.8000001907348633e+00, 6.9737386703491211e-01,
          2.2501337807625532e-03, 0, 0, 1.5445628356933594e+02,
          1.1337941741943359e+02, 4.8000001907348633e+00,
          6.0323972702026367e+00, 1.3369708321988583e-03, 0, 0,
          1.2393634796142578e+02, 1.1667704772949219e+02,
          5.7081937789916992e+00, 8.0549490451812744e-01,
          2.0574156660586596e-03, 0, 1, 1.5902113342285156e+02,
          1.1806705474853516e+02, 5.7081937789916992e+00,
          5.5702238082885742e+00, 3.5707165952771902e-03, 0, 1,
          1.6121037292480469e+02, 1.1939300537109375e+02,
          4.8000001907348633e+00, 5.4193320274353027e+00,
          2.4494731333106756e-03, 0, 0, 1.2921209716796875e+02,
          1.2171467590332031e+02, 4.8000001907348633e+00,
          1.1589647531509399e+00, 3.0705893877893686e-03, 0, 0,
          1.2001861572265625e+02, 1.2794364166259766e+02,
          4.8000001907348633e+00, 1.2127461433410645e+00,
          1.3883340870961547e-03, 0, 0, 1.2650002288818359e+02,
          1.3028273010253906e+02, 4.8000001907348633e+00,
          4.6406397819519043e+00, 2.5763190351426601e-03, 0, 0,
          1.3103334045410156e+02, 1.3064108276367187e+02,
          4.8000001907348633e+00, 4.4651169776916504e+00,
          4.1017332114279270e-03, 0, 0, 1.1616522979736328e+02,
          1.3209341430664062e+02, 4.8000001907348633e+00,
          4.7574777603149414e+00, 4.8021012917160988e-03, 0, 0,
          9.7372848510742187e+01, 1.3606391906738281e+02,
          5.7081937789916992e+00, 1.9001648426055908e+00,
          3.5186118911951780e-03, 0, 1, 8.7276275634765625e+01,
          1.3907743835449219e+02, 5.7081937789916992e+00,
          1.8515781164169312e+00, 9.6569126471877098e-03, 0, 1,
          9.5672027587890625e+01, 1.4362017822265625e+02,
          4.8000001907348633e+00, 5.1005349159240723e+00,
          1.5233585145324469e-03, 0, 0, 1.0321226501464844e+02,
          1.4577740478515625e+02, 5.7081937789916992e+00,
          5.0049448013305664e+00, 1.1141398921608925e-02, 0, 1,
          9.6502014160156250e+01, 1.4873677062988281e+02,
          4.8000001907348633e+00, 5.0988016128540039e+00,
          1.0822390904650092e-03, 0, 0, 8.7965988159179687e+01,
          1.5528181457519531e+02, 5.7081937789916992e+00,
          4.9730935096740723e+00, 5.1909442991018295e-03, 0, 1,
          1.5260902404785156e+02, 1.5682072448730469e+02,
          4.8000001907348633e+00, 2.5084366798400879e+00,
          2.9767914675176144e-03, 0, 0, 1.3992037963867187e+02,
          1.6577227783203125e+02, 4.8000001907348633e+00,
          1.8347574472427368e+00, 2.6486052665859461e-03, 0, 0,
          1.5717019653320312e+02, 1.6624061584472656e+02,
          4.8000001907348633e+00, 2.5066950321197510e+00,
          2.9078836087137461e-03, 0, 0, 1.1319295501708984e+02,
          1.6742120361328125e+02, 4.8000001907348633e+00,
          1.6658009290695190e+00, 1.3329341309145093e-03, 0, 0,
          1.3322502136230469e+02, 1.6899296569824219e+02,
          4.8000001907348633e+00, 2.3538258075714111e+00,
          1.1427133576944470e-03, 0, 0, 1.2334217071533203e+02,
          1.7038606262207031e+02, 4.8000001907348633e+00,
          2.2138130664825439e+00, 1.7222234746441245e-03, 0, 0,
          1.4605113220214844e+02, 1.7058653259277344e+02,
          5.7081937789916992e+00, 2.2944109439849854e+00,
          7.1079721674323082e-03, 0, 1, 1.2896345520019531e+02,
          1.7050509643554687e+02, 4.8000001907348633e+00,
          2.2205734252929687e+00, 1.9301110878586769e-03, 0, 0,
          1.5370698547363281e+02, 1.7071136474609375e+02,
          4.8000001907348633e+00, 2.5478036403656006e+00,
          2.9801505152136087e-03, 0, 0, 1.1674037933349609e+02,
          1.7325889587402344e+02, 4.8000001907348633e+00,
          5.9246611595153809e+00, 2.1269712597131729e-03, 0, 0,
          1.2390588378906250e+02, 1.7548896789550781e+02,
          5.7081937789916992e+00, 5.8133211135864258e+00,
          4.5487591996788979e-03, 0, 1, 1.6301605224609375e+02,
          1.7555889892578125e+02, 4.8000001907348633e+00,
          2.6162569522857666e+00, 2.5563684757798910e-03, 0, 0,
          1.3269856262207031e+02, 1.7721688842773437e+02,
          5.7081937789916992e+00, 2.3652961254119873e+00,
          1.7554803052917123e-03, 0, 1, 1.6886492919921875e+02,
          1.7923233032226562e+02, 5.7081937789916992e+00,
          2.3748753070831299e+00, 2.2906414233148098e-03, 0, 1,
          1.2136500549316406e+02, 1.8408656311035156e+02,
          5.7081937789916992e+00, 5.8385186195373535e+00,
          2.6348971296101809e-03, 0, 1, 1.5374455261230469e+02,
          1.8212411499023437e+02, 5.7081937789916992e+00,
          2.0304556190967560e-01, 2.0991738419979811e-03, 0, 1,
          1.8897100830078125e+02, 1.8235867309570312e+02,
          5.7081937789916992e+00, 1.8127383664250374e-02,
          9.4033349305391312e-03, 0, 1, 1.4736006164550781e+02,
          1.8408566284179687e+02, 5.7081937789916992e+00,
          9.6086031198501587e-01, 2.0534093491733074e-03, 0, 1,
          1.7956845092773437e+02, 1.8583898925781250e+02,
          4.8000001907348633e+00, 1.6193999052047729e+00,
          1.3411937979981303e-03, 0, 0, 1.4341746520996094e+02,
          1.8915129089355469e+02, 4.8000001907348633e+00,
          2.4341037273406982e+00, 1.3015142176300287e-03, 0, 0,
          1.4920164489746094e+02, 1.9212922668457031e+02,
          4.8000001907348633e+00, 1.1837713718414307e+00,
          2.1814305800944567e-03, 0, 0, 1.3787979125976562e+02,
          1.9365715026855469e+02, 5.7081937789916992e+00,
          1.3053719997406006e+00, 4.8388456925749779e-03, 0, 1,
          1.2222399139404297e+02, 1.9578875732421875e+02,
          6.7882251739501953e+00, 1.1450617313385010e+00,
          2.6684019248932600e-03, 0, 2, 1.7929612731933594e+02,
          1.9567028808593750e+02, 5.7081937789916992e+00,
          4.4946289062500000e+00, 2.0668217912316322e-03, 0, 1,
          1.9092185974121094e+02, 1.9707275390625000e+02,
          4.8000001907348633e+00, 4.7054610252380371e+00,
          2.6386522222310305e-03, 0, 0, 1.0174836730957031e+02,
          1.9907139587402344e+02, 4.8000001907348633e+00,
          2.1365780830383301e+00, 1.0738995624706149e-03, 0, 0,
          1.1312216186523437e+02, 1.9826039123535156e+02,
          4.8000001907348633e+00, 1.8332391977310181e+00,
          1.1889929883182049e-03, 0, 0, 1.1803083038330078e+02,
          1.9783702087402344e+02, 4.8000001907348633e+00,
          1.3081806898117065e+00, 1.4902534894645214e-03, 0, 0,
          1.8416897583007813e+02, 1.9981275939941406e+02,
