%YAML:1.0
version_vision_reco: 1
name: Claude_Shannon
hash: "546f9d9fc3977abe4623feb7f0a67647"
tags: [ Claude_Shannon ]
meta_ids:
   ids: [ 8 ]
   labels: [ Claude_Shannon ]
image_analyses:
   -
      image_name: "546f9d9fc3977abe4623feb7f0a67647.0.png"
      original_name: "546f9d9fc3977abe4623feb7f0a67647.0.png"
      boundary_points: [ 80, 98, 190, 81, 204, 222, 204, 222, 76, 235 ]
      keypoints: [ 1.6175395202636719e+02, 9.5369995117187500e+01,
          5.7081937789916992e+00, 4.8818988800048828e+00,
          2.5631897151470184e-03, 0, 1, 1.6976872253417969e+02,
          9.9728691101074219e+01, 5.7081937789916992e+00,
          6.0199313163757324e+00, 8.9512011036276817e-03, 0, 1,
          1.2236418151855469e+02, 1.0324572753906250e+02,
          5.7081937789916992e+00, 4.5112962722778320e+00,
          2.2766860201954842e-03, 0, 1, 1.0073054504394531e+02,
          1.0654237365722656e+02, 5.7081937789916992e+00,
          4.3995208740234375e+00, 1.0145323351025581e-02, 0, 1,
          1.2928256225585937e+02, 1.0506747436523437e+02,
          4.8000001907348633e+00, 4.5556774139404297e+00,
          2.8213670011609793e-03, 0, 0, 1.3567471313476562e+02,
          1.0574677276611328e+02, 4.8000001907348633e+00,
          1.7150628566741943e+00, 1.0453938739374280e-03, 0, 0,
          1.4206787109375000e+02, 1.0735372924804687e+02,
          5.7081937789916992e+00, 2.4075918197631836e+00,
          2.4622729979455471e-03, 0, 1, 1.7646345520019531e+02,
          1.0640760040283203e+02, 8.0726060867309570e+00,
          6.1355266571044922e+00, 1.8888216000050306e-03, 0, 3,
          1.3363488769531250e+02, 1.1171157836914062e+02,
          5.7081937789916992e+00, 8.3656346797943115e-01,
          3.5932185128331184e-03, 0, 1, 1.7137223815917969e+02,
          1.1287870788574219e+02, 5.7081937789916992e+00,
          6.1829881668090820e+00, 3.0642754863947630e-03, 0, 1,
          1.2733916473388672e+02, 1.1781906127929687e+02,
          5.7081937789916992e+00, 3.4738758206367493e-01,
          1.9675989169627428e-03, 0, 1, 1.3469725036621094e+02,
          1.1879233551025391e+02, 4.8000001907348633e+00,
          4.6218748092651367e+00, 6.0050897300243378e-03, 0, 0,
          1.4382299804687500e+02, 1.1871917724609375e+02,
          5.7081937789916992e+00, 2.8308894634246826e+00,
          1.4861788367852569e-03, 0, 1, 1.5105287170410156e+02,
          1.2189234161376953e+02, 5.7081937789916992e+00,
          2.8416244983673096e+00, 2.4924001190811396e-03, 0, 1,
          1.2667810058593750e+02, 1.2493999481201172e+02,
          5.7081937789916992e+00, 5.2554368972778320e+00,
          2.0829858258366585e-03, 0, 1, 1.3355468750000000e+02,
          1.2499312591552734e+02, 4.8000001907348633e+00,
          5.1699128150939941e+00, 3.1663978006690741e-03, 0, 0,
          1.4875880432128906e+02, 1.2980050659179687e+02,
          5.7081937789916992e+00, 3.4588792324066162e+00,
          5.4571465589106083e-03, 0, 1, 9.8529228210449219e+01,
          1.3618576049804687e+02, 4.8000001907348633e+00,
          3.0705785751342773e+00, 1.1591910151764750e-03, 0, 0,
          1.3000291442871094e+02, 1.3735792541503906e+02,
          4.8000001907348633e+00, 2.7743999958038330e+00,
          1.0747008491307497e-03, 0, 0, 1.4415925598144531e+02,
          1.4112339782714844e+02, 4.8000001907348633e+00,
          3.6933729648590088e+00, 3.9274510927498341e-03, 0, 0,
          1.3065992736816406e+02, 1.4117089843750000e+02,
          5.7081937789916992e+00, 3.7642667293548584e+00,
          2.2711127530783415e-03, 0, 1, 9.7972526550292969e+01,
          1.4670269775390625e+02, 4.8000001907348633e+00,
          3.1135849952697754e+00, 1.0715555399656296e-03, 0, 0,
          1.3813282775878906e+02, 1.5367893981933594e+02,
          5.7081937789916992e+00, 3.5728080272674561e+00,
          1.0801140451803803e-03, 0, 1, 1.0847811126708984e+02,
          1.5616166687011719e+02, 4.8000001907348633e+00,
          4.2893290519714355e+00, 1.1366207618266344e-03, 0, 0,
          1.2377729797363281e+02, 1.6039775085449219e+02,
          5.7081937789916992e+00, 3.3725824356079102e+00,
          1.7286244546994567e-03, 0, 1, 9.7979934692382812e+01,
          1.6318502807617187e+02, 4.8000001907348633e+00,
          3.2369475364685059e+00, 4.6026376076042652e-03, 0, 0,
          9.7891563415527344e+01, 1.7014691162109375e+02,
          4.8000001907348633e+00, 3.1349606513977051e+00,
          1.0205428116023540e-03, 0, 0, 1.2131351470947266e+02,
          1.7812908935546875e+02, 5.7081937789916992e+00,
          4.2041525840759277e+00, 1.3564949622377753e-03, 0, 1,
          9.7461959838867188e+01, 1.8307209777832031e+02,
          4.8000001907348633e+00, 3.0282530784606934e+00,
          5.1221596077084541e-03, 0, 0, 1.0407331848144531e+02,
          1.8713114929199219e+02, 4.8000001907348633e+00,
          2.2351484298706055e+00, 1.6421247273683548e-03, 0, 0,
          1.1287754058837891e+02, 1.8796218872070312e+02,
          5.7081937789916992e+00, 2.1084492206573486e+00,
          3.6094614770263433e-03, 0, 1, 1.1577718353271484e+02,
          1.8991407775878906e+02, 4.8000001907348633e+00,
          1.6070902347564697e+00, 1.4498182572424412e-03, 0, 0,
          1.2517655944824219e+02, 1.9204963684082031e+02,
          5.7081937789916992e+00, 1.5956879854202271e+00,
          7.4518714100122452e-03, 0, 1, 1.0539323425292969e+02,
          1.9270376586914062e+02, 5.7081937789916992e+00,
          4.4756121635437012e+00, 3.1654322519898415e-03, 0, 1,
          1.0960619354248047e+02, 1.9438739013671875e+02,
          4.8000001907348633e+00, 4.5851454734802246e+00,
          1.8316891510039568e-03, 0, 0, 1.6409599304199219e+02,
          1.9431297302246094e+02, 4.8000001907348633e+00,
          1.5603532791137695e+00, 1.7376374453306198e-03, 0, 0,
          1.7939537048339844e+02, 1.9857064819335937e+02,
          4.8000001907348633e+00, 1.3569768667221069e+00,
          5.4928981699049473e-03, 0, 0, 1.6968971252441406e+02,
          2.0012440490722656e+02, 4.8000001907348633e+00,
          1.4627859592437744e+00, 1.0685571469366550e-03, 0, 0,
          9.7587821960449219e+01, 2.0255990600585937e+02,
          4.8000001907348633e+00, 3.1408026218414307e+00,
          4.1720541194081306e-03, 0, 0, 1.3992996215820313e+02,
          2.0280546569824219e+02, 4.8000001907348633e+00,
          1.4994621276855469e+00, 1.0785091435536742e-03, 0, 0,
          9.7728904724121094e+01, 2.0601530456542969e+02,
          4.8000001907348633e+00, 1.7065345048904419e+00,
          5.0680651329457760e-03, 0, 0, 1.4545750427246094e+02,
          9.8958290100097656e+01, 5.7081937789916992e+00,
          4.4642620086669922e+00, 1.4493585331365466e-03, 0, 1,
          1.3478977966308594e+02, 1.0247114562988281e+02,
          5.7081937789916992e+00, 4.4411101341247559e+00,
          1.0660610860213637e-03, 0, 1, 1.2420554351806641e+02,
          1.1117463684082031e+02, 5.7081937789916992e+00,
          4.5705456733703613e+00, 1.0047324467450380e-03, 0, 1,
          1.0063793945312500e+02, 1.2126924896240234e+02,
          5.7081937789916992e+00, 3.0625095367431641e+00,
          1.1058995733037591e-03, 0, 1, 1.4244699096679687e+02,
          1.2305021667480469e+02, 5.7081937789916992e+00,
          2.8782095909118652e+00, 1.1109444312751293e-03, 0, 1,
          1.3154977416992187e+02, 1.5029895019531250e+02,
          5.7081937789916992e+00, 3.6396968364715576e+00,
          1.2236089678481221e-03, 0, 1, 1.7442306518554687e+02,
          1.5520588684082031e+02, 5.7081937789916992e+00,
          6.1764268875122070e+00, 1.2249947758391500e-03, 0, 1,
          1.2837918090820312e+02, 1.8439988708496094e+02,
          5.7081937789916992e+00, 1.6395944356918335e+00,
          1.0692438809201121e-03, 0, 1, 9.3517189025878906e+01,
          1.9131648254394531e+02, 5.7081937789916992e+00,
          3.2361686229705811e+00, 1.4131634961813688e-03, 0, 1,
