%YAML:1.0
version_vision_reco: 1
name: Alan-Turing
hash: a678c8eabb85ce4d633d1bb101f21ae3
tags: [ Alan-Turing ]
meta_ids:
   ids: [ 8 ]
   labels: [ Alan-Turing ]
image_analyses:
   -
      image_name: "a678c8eabb85ce4d633d1bb101f21ae3.0.png"
      original_name: "a678c8eabb85ce4d633d1bb101f21ae3.0.png"
      boundary_points: [ 104, 93, 230, 87, 218, 237, 74, 236 ]
      keypoints: [ 1.7242544555664062e+02, 1.0953706359863281e+02,
          5.7081937789916992e+00, 4.8019471168518066e+00,
          2.4949179496616125e-03, 0, 1, 1.7833723449707031e+02,
          1.1019890594482422e+02, 5.7081937789916992e+00,
          5.0364685058593750e+00, 2.4364385753870010e-03, 0, 1,
          1.8567805480957031e+02, 1.1462797546386719e+02,
          5.7081937789916992e+00, 5.4861803054809570e+00,
          3.3214720897376537e-03, 0, 1, 1.4786734008789062e+02,
          1.1478358459472656e+02, 5.7081937789916992e+00,
          4.1383714675903320e+00, 7.4176043272018433e-03, 0, 1,
          1.7078997802734375e+02, 1.2145779418945312e+02,
          5.7081937789916992e+00, 1.7728168964385986e+00,
          8.0807432532310486e-03, 0, 1, 1.4162626647949219e+02,
          1.2176296997070312e+02, 4.8000001907348633e+00,
          3.5406501293182373e+00, 3.4380245488137007e-03, 0, 0,
          1.4903904724121094e+02, 1.2315256500244141e+02,
          5.7081937789916992e+00, 1.3141394853591919e+00,
          4.5518260449171066e-03, 0, 1, 1.9116285705566406e+02,
          1.2438390350341797e+02, 5.7081937789916992e+00,
          6.0352120399475098e+00, 5.0875307060778141e-03, 0, 1,
          1.4546948242187500e+02, 1.2738838195800781e+02,
          4.8000001907348633e+00, 9.5686936378479004e-01,
          1.8522643949836493e-03, 0, 0, 1.4271438598632812e+02,
          1.3319015502929687e+02, 4.8000001907348633e+00,
          3.0640304088592529e+00, 1.4516500756144524e-02, 0, 0,
          1.8984519958496094e+02, 1.3123065185546875e+02,
          5.7081937789916992e+00, 3.1873118877410889e-01,
          7.0650256238877773e-03, 0, 1, 1.5486212158203125e+02,
          1.3348991394042969e+02, 5.7081937789916992e+00,
          4.6070361137390137e+00, 9.8607428371906281e-03, 0, 1,
          1.6214442443847656e+02, 1.3392025756835937e+02,
          5.7081937789916992e+00, 4.6770143508911133e+00,
          6.4669116400182247e-03, 0, 1, 1.8396075439453125e+02,
          1.3606159973144531e+02, 4.8000001907348633e+00,
          1.9317098855972290e+00, 1.1308561079204082e-03, 0, 0,
          1.4771852111816406e+02, 1.3740994262695312e+02,
          4.8000001907348633e+00, 1.9458481073379517e+00,
          1.1969679035246372e-03, 0, 0, 1.8372679138183594e+02,
          1.4159461975097656e+02, 4.8000001907348633e+00,
          6.0588967800140381e-01, 1.6038456233218312e-03, 0, 0,
          1.4529908752441406e+02, 1.4431362915039062e+02,
          4.8000001907348633e+00, 4.3467526435852051e+00,
          8.0227339640259743e-03, 0, 0, 1.7986042785644531e+02,
          1.4728305053710937e+02, 4.8000001907348633e+00,
          3.6580279469490051e-01, 1.5173307619988918e-03, 0, 0,
          1.5433715820312500e+02, 1.5323619079589844e+02,
          4.8000001907348633e+00, 4.6993741989135742e+00,
          1.0225479491055012e-03, 0, 0, 1.8012664794921875e+02,
          1.5471089172363281e+02, 5.7081937789916992e+00,
          5.6114401817321777e+00, 4.3822438456118107e-03, 0, 1,
          1.8765153503417969e+02, 1.5382533264160156e+02,
          5.7081937789916992e+00, 5.6289997100830078e+00,
          3.2865733373910189e-03, 0, 1, 1.4625308227539062e+02,
          1.5402218627929687e+02, 5.7081937789916992e+00,
          3.4805641174316406e+00, 2.8793897945433855e-03, 0, 1,
          1.5098257446289062e+02, 1.5842741394042969e+02,
          4.8000001907348633e+00, 4.3676681518554687e+00,
          1.6594558255746961e-03, 0, 0, 1.9247874450683594e+02,
          1.6218557739257812e+02, 5.7081937789916992e+00,
          5.3676505088806152e+00, 3.2685245387256145e-03, 0, 1,
          1.7995053100585937e+02, 1.6297723388671875e+02,
          4.8000001907348633e+00, 3.5896537303924561e+00,
          2.6808718685060740e-03, 0, 0, 1.4396330261230469e+02,
          1.6363801574707031e+02, 4.8000001907348633e+00,
          4.2821097373962402e+00, 1.3914963928982615e-03, 0, 0,
          1.8575924682617188e+02, 1.6626139831542969e+02,
          5.7081937789916992e+00, 5.3933434486389160e+00,
          3.5637589171528816e-03, 0, 1, 1.3688262939453125e+02,
          1.6525006103515625e+02, 5.7081937789916992e+00,
          4.4163746833801270e+00, 2.3092427290976048e-03, 0, 1,
          1.5080187988281250e+02, 1.6984893798828125e+02,
          4.8000001907348633e+00, 2.3354756832122803e+00,
          1.0989543516188860e-03, 0, 0, 1.5823126220703125e+02,
          1.7065409851074219e+02, 5.7081937789916992e+00,
          1.1132638454437256e+00, 5.9755248948931694e-03, 0, 1,
          1.7126931762695312e+02, 1.7248010253906250e+02,
          5.7081937789916992e+00, 9.8815596103668213e-01,
          1.5866402536630630e-03, 0, 1, 2.0150929260253906e+02,
          1.7466793823242187e+02, 8.0726060867309570e+00,
          6.1221542358398437e+00, 1.1818905360996723e-02, 0, 3,
          1.4197892761230469e+02, 1.7575041198730469e+02,
          5.7081937789916992e+00, 4.3573126792907715e+00,
          2.5408267974853516e-03, 0, 1, 1.4925637817382812e+02,
          1.7732214355468750e+02, 5.7081937789916992e+00,
          7.0550993084907532e-02, 7.6917074620723724e-03, 0, 1,
          2.0379951477050781e+02, 1.7846955871582031e+02,
          4.8000001907348633e+00, 6.2317628860473633e+00,
          1.7865560948848724e-03, 0, 0, 1.6143879699707031e+02,
          1.7992518615722656e+02, 5.7081937789916992e+00,
          3.7654373645782471e+00, 5.7435282506048679e-03, 0, 1,
          1.7429109191894531e+02, 1.7998300170898437e+02,
          5.7081937789916992e+00, 3.7222661972045898e+00,
          2.0505823194980621e-03, 0, 1, 1.1218388366699219e+02,
          1.8141938781738281e+02, 5.7081937789916992e+00,
          3.5793666839599609e+00, 4.9336226657032967e-03, 0, 1,
          1.6709504699707031e+02, 1.8233467102050781e+02,
          4.8000001907348633e+00, 3.7724781036376953e+00,
          2.0192288793623447e-03, 0, 0, 1.5429696655273438e+02,
          1.8338931274414062e+02, 5.7081937789916992e+00,
          6.2084345817565918e+00, 1.3104585930705070e-02, 0, 1,
          1.4679785156250000e+02, 1.8265744018554687e+02,
          5.7081937789916992e+00, 1.5663591027259827e-01,
          7.3597505688667297e-03, 0, 1, 1.6207078552246094e+02,
          1.8374493408203125e+02, 4.8000001907348633e+00,
          3.7833425998687744e+00, 1.9580952357500792e-03, 0, 0,
          1.6724049377441406e+02, 1.8874688720703125e+02,
          5.7081937789916992e+00, 3.6749339103698730e+00,
          1.8772039329633117e-03, 0, 1, 1.4021725463867187e+02,
          1.8895524597167969e+02, 4.8000001907348633e+00,
          3.6932702064514160e+00, 1.5961356693878770e-03, 0, 0,
          1.4803677368164062e+02, 1.9107281494140625e+02,
          5.7081937789916992e+00, 6.2627401351928711e+00,
          3.8153226487338543e-03, 0, 1, 1.5566641235351562e+02,
          1.8977156066894531e+02, 4.8000001907348633e+00,
          3.9340872317552567e-02, 4.4282758608460426e-03, 0, 0,
          1.5806605529785156e+02, 1.9298342895507812e+02,
          5.7081937789916992e+00, 6.0220498591661453e-02,
          1.1989833787083626e-02, 0, 1, 1.4169438171386719e+02,
          1.9451222229003906e+02, 4.8000001907348633e+00,
          3.4792881011962891e+00, 1.6296064713969827e-03, 0, 0,
          1.5625746154785156e+02, 2.0216880798339844e+02,
          4.8000001907348633e+00, 6.0509819984436035e+00,
          1.5190853737294674e-03, 0, 0, 1.1614757537841797e+02,
          2.0644139099121094e+02, 4.8000001907348633e+00,
          1.5723272562026978e+00, 1.3336467090994120e-03, 0, 0,
          1.0660434722900391e+02, 2.0779975891113281e+02,
